0.00022530555725097656
0.0002129077911376953
0.000255584716796875
0.00017023086547851562
0.00018596649169921875
0.00024366378784179688
0.0003077983856201172
0.0003266334533691406
0.00021958351135253906
0.0002300739288330078
0.000225067138671875
0.00024056434631347656
0.0001983642578125
0.00027942657470703125
0.00027370452880859375
0.0002315044403076172
0.00022149085998535156
0.0002429485321044922
0.00016164779663085938
0.00020575523376464844
0.0003979206085205078
0.0003952980041503906
0.0002758502960205078
0.0003075599670410156
0.000202178955078125
0.00023555755615234375
0.00022029876708984375
0.0003006458282470703
0.00025010108947753906
0.0002269744873046875
0.00028395652770996094
0.00023555755615234375
0.0002357959747314453
0.00016450881958007812
0.0002815723419189453
0.00024437904357910156
0.0002422332763671875
0.00020170211791992188
0.0002288818359375
0.0002751350402832031
0.00014972686767578125
0.00023818016052246094
0.0001838207244873047
0.00023746490478515625
0.0002243518829345703
0.00023055076599121094
0.000179290771484375
0.00021505355834960938
0.00021886825561523438
0.0002281665802001953
0.00024771690368652344
0.000225067138671875
0.0002105236053466797
0.0002110004425048828
0.0001964569091796875
0.00021266937255859375
0.00022482872009277344
0.00016951560974121094
0.0003371238708496094
0.000141143798828125
0.00022840499877929688
0.00017762184143066406
0.0001418590545654297
0.0002810955047607422
0.00026988983154296875
0.000217437744140625
0.0001785755157470703
0.00015306472778320312
0.0002815723419189453
0.00016379356384277344
0.00015783309936523438
0.0002384185791015625
0.00016498565673828125
0.0001976490020751953
0.0003879070281982422
0.00022983551025390625
0.0003039836883544922
0.00023555755615234375
0.00022459030151367188
0.00023794174194335938
0.00014352798461914062
0.0001723766326904297
0.00017762184143066406
0.0001697540283203125
0.00015306472778320312
0.000156402587890625
0.00015163421630859375
0.00022912025451660156
0.000213623046875
0.0001964569091796875
0.00022077560424804688
0.0003447532653808594
0.00018405914306640625
0.000171661376953125
0.00022172927856445312
0.0002224445343017578
0.0001971721649169922
0.0003619194030761719
0.00028252601623535156
0.00035071372985839844
0.0008192062377929688
0.0002052783966064453
0.0001811981201171875
0.0002474784851074219
0.00015306472778320312
0.0002574920654296875
0.00027561187744140625
0.0002484321594238281
0.00021982192993164062
0.0002353191375732422
0.00020885467529296875
0.0002391338348388672
0.0002503395080566406
0.0002536773681640625
0.000209808349609375
0.0001976490020751953
0.000278472900390625
0.000274658203125
0.00024127960205078125
0.00021910667419433594
0.0003838539123535156
0.00021409988403320312
0.0002665519714355469
0.00022673606872558594
0.00019216537475585938
0.0002014636993408203
0.00021648406982421875
0.00022077560424804688
0.00024962425231933594
0.00028252601623535156
0.0002541542053222656
0.0003936290740966797
0.0002570152282714844
0.0003058910369873047
0.00029349327087402344
0.0002410411834716797
0.0003452301025390625
0.000217437744140625
0.00019359588623046875
0.0003325939178466797
0.00022363662719726562
0.000186920166015625
0.0002593994140625
0.0001976490020751953
0.00031566619873046875
0.0003161430358886719
0.0014979839324951172
0.00019550323486328125
0.00015974044799804688
0.00021505355834960938
0.00016260147094726562
0.00022149085998535156
0.00019788742065429688
0.00019812583923339844
0.00021505355834960938
0.0001964569091796875
0.0002551078796386719
0.0003027915954589844
0.00021529197692871094
0.00027441978454589844
0.00019931793212890625
0.00024127960205078125
0.00025725364685058594
0.000164031982421875
0.00022530555725097656
0.00020551681518554688
0.0003159046173095703
0.00019073486328125
0.0002186298370361328
0.0002002716064453125
0.0002677440643310547
0.0002579689025878906
0.0002751350402832031
0.0002830028533935547
0.0002503395080566406
0.00034928321838378906
0.00023317337036132812
0.00025582313537597656
0.00020432472229003906
0.00026345252990722656
0.0002269744873046875
0.0002200603485107422
0.0003223419189453125
0.00023746490478515625
0.00028395652770996094
0.000274658203125
0.00023365020751953125
0.00025534629821777344
0.0002810955047607422
0.0002040863037109375
0.0002918243408203125
0.00024580955505371094
0.0002288818359375
0.0002353191375732422
0.00019693374633789062
0.0002505779266357422
0.0001385211944580078
0.00013899803161621094
0.00026798248291015625
0.00020623207092285156
0.000152587890625
0.00018286705017089844
0.0002620220184326172
0.00022077560424804688
0.00024056434631347656
0.00015854835510253906
0.00026726722717285156
0.000244140625
0.0002570152282714844
0.00020837783813476562
0.00026535987854003906
0.00023412704467773438
0.0002627372741699219
0.0003287792205810547
0.00023889541625976562
0.00021076202392578125
0.00019788742065429688
0.0001876354217529297
0.0002446174621582031
0.00022602081298828125
0.00035071372985839844
0.00019669532775878906
0.000152587890625
0.000232696533203125
0.0002391338348388672
0.00020265579223632812
0.0002052783966064453
0.00019979476928710938
0.00027751922607421875
0.000225067138671875
0.00021529197692871094
0.00023746490478515625
0.00019812583923339844
0.00016379356384277344
0.00015783309936523438
0.0001575946807861328
0.00019288063049316406
0.000171661376953125
0.00015616416931152344
0.00016689300537109375
0.00017452239990234375
0.00016808509826660156
0.0002446174621582031
0.00020432472229003906
0.0002913475036621094
0.00015425682067871094
0.0001938343048095703
0.00019407272338867188
0.00033283233642578125
0.0002818107604980469
0.00021195411682128906
0.0002837181091308594
0.0001513957977294922
0.00022482872009277344
0.00013899803161621094
0.0001666545867919922
0.00013303756713867188
0.000141143798828125
0.00013375282287597656
0.00013971328735351562
0.00014495849609375
0.00022172927856445312
0.00016069412231445312
0.00015115737915039062
0.00025725364685058594
0.00012135505676269531
0.0001418590545654297
0.00014066696166992188
0.00024628639221191406
0.00017142295837402344
0.0001709461212158203
0.0001697540283203125
0.00021219253540039062
0.00017452239990234375
0.0001842975616455078
0.0002148151397705078
0.0002028942108154297
0.0003285408020019531
0.00018548965454101562
0.00021219253540039062
0.00020384788513183594
0.0001926422119140625
0.00030612945556640625
0.00020122528076171875
0.00018644332885742188
0.0001881122589111328
0.00017523765563964844
0.00022220611572265625
0.00022411346435546875
0.00021028518676757812
0.0002110004425048828
0.00019931793212890625
0.00015664100646972656
0.00018858909606933594
0.00013017654418945312
0.00025963783264160156
0.00017452239990234375
0.00018262863159179688
0.00015044212341308594
0.00021505355834960938
0.00022029876708984375
0.0015480518341064453
0.0001480579376220703
0.00023102760314941406
0.0001728534698486328
0.00014829635620117188
0.00015163421630859375
0.0001380443572998047
0.00014352798461914062
0.00014448165893554688
0.00017118453979492188
0.00015211105346679688
0.00014162063598632812
0.00019407272338867188
0.00016641616821289062
0.0001621246337890625
0.0001437664031982422
0.0001614093780517578
0.00015854835510253906
0.0002315044403076172
0.0001518726348876953
0.00015783309936523438
0.00015592575073242188
0.00014543533325195312
0.000179290771484375
0.0001666545867919922
0.0001533031463623047
0.00015425682067871094
0.0002002716064453125
0.00025534629821777344
0.00021839141845703125
0.00015926361083984375
0.0007004737854003906
0.00018334388732910156
0.0002105236053466797
0.0001475811004638672
0.00013756752014160156
0.0001685619354248047
0.0001468658447265625
0.00018835067749023438
0.00019288063049316406
0.00024437904357910156
0.0002300739288330078
0.0003142356872558594
0.0003151893615722656
0.0002090930938720703
0.00014710426330566406
0.00025534629821777344
0.0001842975616455078
0.0001437664031982422
0.0003681182861328125
0.00024127960205078125
0.00030684471130371094
0.00037550926208496094
0.00020265579223632812
0.00030231475830078125
0.00024437904357910156
0.00023508071899414062
0.0002453327178955078
0.00028634071350097656
0.0002503395080566406
0.0003261566162109375
0.000331878662109375
0.0002522468566894531
0.0002677440643310547
0.000270843505859375
0.0001747608184814453
0.0001666545867919922
0.00023245811462402344
0.00022530555725097656
0.0001556873321533203
0.00014853477478027344
0.00014591217041015625
0.00021004676818847656
0.00016689300537109375
0.00015306472778320312
0.00029277801513671875
0.0002505779266357422
0.0002453327178955078
0.0003714561462402344
0.00034117698669433594
0.0002148151397705078
0.00036454200744628906
0.00021958351135253906
0.0002193450927734375
0.0003407001495361328
0.0003554821014404297
0.0002071857452392578
0.000213623046875
0.00018477439880371094
0.0001964569091796875
0.00023508071899414062
0.0001957416534423828
0.0003101825714111328
0.00020837783813476562
0.00033473968505859375
0.0003120899200439453
0.00022482872009277344
0.000301361083984375
0.00024056434631347656
