0.002587556838989258
0.002095460891723633
0.0021584033966064453
0.0019829273223876953
0.0019752979278564453
0.0019719600677490234
0.00202178955078125
0.0021758079528808594
0.002092599868774414
0.002005338668823242
0.001998424530029297
0.0024771690368652344
0.0024743080139160156
0.0024597644805908203
0.0022759437561035156
0.002133607864379883
0.0022325515747070312
0.002177000045776367
0.002141714096069336
0.0021393299102783203
0.0020678043365478516
0.0020711421966552734
0.0022225379943847656
0.0021774768829345703
0.0021202564239501953
0.00208282470703125
0.0021321773529052734
0.0023126602172851562
0.0020644664764404297
0.0020613670349121094
0.0021164417266845703
0.0021202564239501953
0.0020825862884521484
0.003136157989501953
0.002137899398803711
0.002281665802001953
0.0023946762084960938
0.002368927001953125
0.0022754669189453125
0.002434253692626953
0.002133607864379883
0.0024635791778564453
0.0023627281188964844
0.002094745635986328
0.0021567344665527344
0.0020945072174072266
0.002363920211791992
0.0021076202392578125
0.002218961715698242
0.0020914077758789062
0.0020599365234375
0.001981019973754883
0.0020580291748046875
0.0021467208862304688
0.002229928970336914
0.0021729469299316406
0.0021538734436035156
0.0020194053649902344
0.002176523208618164
0.0020530223846435547
0.0020303726196289062
0.002071857452392578
0.002013683319091797
0.0020241737365722656
0.002115964889526367
0.002110004425048828
0.0020568370819091797
0.002213001251220703
0.002295255661010742
0.002059459686279297
0.002064228057861328
0.002070903778076172
0.002108335494995117
0.0020618438720703125
0.0022101402282714844
0.0021216869354248047
0.0019447803497314453
0.002057313919067383
0.0022110939025878906
0.0021660327911376953
0.002375364303588867
0.002184629440307617
0.002067089080810547
0.0029022693634033203
0.002117633819580078
0.002066373825073242
0.0022220611572265625
0.002260446548461914
0.0022344589233398438
0.00220489501953125
0.0022885799407958984
0.0020673274993896484
0.002018451690673828
0.002049684524536133
0.0020825862884521484
0.0019931793212890625
0.0021538734436035156
0.0021347999572753906
0.002023935317993164
0.002162456512451172
0.002104043960571289
0.002068758010864258
0.002130270004272461
0.0020439624786376953
0.0021767616271972656
0.0021774768829345703
0.002161264419555664
0.002004861831665039
0.002095460891723633
0.002024412155151367
0.0020112991333007812
0.0021791458129882812
0.0023238658905029297
0.002178668975830078
0.0021915435791015625
0.0021619796752929688
0.0022187232971191406
0.002196073532104492
0.002179384231567383
0.002035856246948242
0.0020415782928466797
0.0022885799407958984
0.0023224353790283203
0.0024764537811279297
0.002307415008544922
0.0022864341735839844
0.002116680145263672
0.0021314620971679688
0.002318859100341797
0.002084970474243164
0.002204418182373047
0.0020914077758789062
0.0026700496673583984
0.003771543502807617
0.0023124217987060547
0.002180337905883789
0.0021970272064208984
0.002181529998779297
0.0020949840545654297
0.0023055076599121094
0.0022094249725341797
0.0021059513092041016
0.0022077560424804688
0.00238037109375
0.0023186206817626953
0.00238037109375
0.0021712779998779297
0.002314329147338867
0.0024161338806152344
0.0022459030151367188
0.002138376235961914
0.002236604690551758
0.0022246837615966797
0.002062082290649414
0.0023610591888427734
0.0022170543670654297
0.002415180206298828
0.002465963363647461
0.002411365509033203
0.002040386199951172
0.0021369457244873047
0.002169370651245117
0.002161264419555664
0.002120494842529297
0.0023038387298583984
0.002205371856689453
0.002219676971435547
0.0021467208862304688
0.002386808395385742
0.0021636486053466797
0.0021533966064453125
0.0021522045135498047
0.0021436214447021484
0.002266407012939453
0.002142190933227539
0.002111196517944336
0.002043008804321289
0.00220489501953125
0.0021643638610839844
0.002576112747192383
0.002044677734375
0.0022428035736083984
0.0020678043365478516
0.002690553665161133
0.0021452903747558594
0.002095460891723633
0.0020186901092529297
0.002043008804321289
0.002110719680786133
0.0021326541900634766
0.0020759105682373047
0.002110719680786133
0.002374410629272461
0.0021278858184814453
0.0022096633911132812
0.0022325515747070312
0.0021963119506835938
0.0021719932556152344
0.0027806758880615234
0.0020723342895507812
0.0020241737365722656
0.002080202102661133
0.0021724700927734375
0.002263784408569336
0.0024471282958984375
0.002625703811645508
0.002644062042236328
0.0026171207427978516
0.0022025108337402344
0.0020492076873779297
0.002118825912475586
0.002076864242553711
0.002534151077270508
0.0020520687103271484
0.002187967300415039
0.0024704933166503906
0.0022466182708740234
0.0022025108337402344
0.0022106170654296875
0.002336740493774414
0.0022346973419189453
0.002041339874267578
0.0021042823791503906
0.0026137828826904297
0.0021390914916992188
0.002252340316772461
0.0021142959594726562
0.002169370651245117
0.002145528793334961
0.002254486083984375
0.0024895668029785156
0.0022954940795898438
0.002718687057495117
0.0031099319458007812
0.0024602413177490234
0.0025920867919921875
0.0026514530181884766
0.0028939247131347656
0.0021505355834960938
0.002353668212890625
0.002424478530883789
0.0025191307067871094
0.0023469924926757812
0.002338409423828125
0.002268075942993164
0.002588033676147461
0.0021696090698242188
0.002199888229370117
0.002214670181274414
0.0020596981048583984
0.002142667770385742
0.0020825862884521484
0.0020754337310791016
0.002129793167114258
0.0021619796752929688
0.002328634262084961
0.0023932456970214844
0.002419710159301758
0.002259969711303711
0.002299785614013672
0.002090930938720703
0.0021562576293945312
0.002440214157104492
0.0024487972259521484
0.0021886825561523438
0.0022759437561035156
0.002385377883911133
0.0023031234741210938
0.0024154186248779297
0.0021109580993652344
0.0021715164184570312
0.0022153854370117188
0.0021233558654785156
0.002121448516845703
0.002178668975830078
0.0021729469299316406
0.002332925796508789
0.0022125244140625
0.002585172653198242
0.0021326541900634766
0.002069711685180664
0.0020384788513183594
0.0020220279693603516
0.002664327621459961
0.00205230712890625
0.002069234848022461
0.0020220279693603516
0.0021681785583496094
0.002170562744140625
0.002157449722290039
0.0020236968994140625
0.002299785614013672
0.002145051956176758
0.002355813980102539
0.002283334732055664
0.002062559127807617
0.0020465850830078125
0.0020668506622314453
0.0022034645080566406
0.002501964569091797
0.002077341079711914
0.0020711421966552734
0.002537965774536133
0.0020918846130371094
0.002147674560546875
0.002673625946044922
0.0020515918731689453
0.0021071434020996094
0.0026175975799560547
0.0022182464599609375
0.002705812454223633
0.002336263656616211
0.0021698474884033203
0.002293825149536133
0.002088308334350586
0.0026929378509521484
0.0023648738861083984
0.0022978782653808594
0.0029175281524658203
0.002949953079223633
0.002836465835571289
0.002249002456665039
0.002040386199951172
0.002058744430541992
0.0022568702697753906
0.0021474361419677734
0.002152681350708008
0.002068758010864258
0.002356290817260742
0.002393484115600586
0.0025768280029296875
0.0023241043090820312
0.002699613571166992
0.0027341842651367188
0.0025153160095214844
0.0021479129791259766
0.002175569534301758
0.0021572113037109375
0.002387523651123047
0.002309083938598633
0.0019767284393310547
0.0020530223846435547
0.002288341522216797
0.002239704132080078
0.002183675765991211
0.0021445751190185547
0.002581357955932617
0.002541065216064453
0.0022330284118652344
0.002142667770385742
0.0021965503692626953
0.0021195411682128906
0.002096891403198242
0.002382516860961914
0.0022630691528320312
0.002169370651245117
0.002329587936401367
0.0020771026611328125
0.002271890640258789
0.0022306442260742188
0.0026628971099853516
0.0022857189178466797
0.0022423267364501953
0.0020966529846191406
0.0027031898498535156
0.002403736114501953
0.0024099349975585938
0.0020678043365478516
0.0020220279693603516
0.002101421356201172
0.002130270004272461
0.0022711753845214844
0.0023298263549804688
0.002320528030395508
0.0021491050720214844
0.0021986961364746094
0.0022513866424560547
0.002172231674194336
0.002237558364868164
0.002296924591064453
0.0022673606872558594
0.0023806095123291016
0.002624988555908203
0.002744436264038086
0.0021653175354003906
0.0023207664489746094
0.002369403839111328
0.002045154571533203
0.0021958351135253906
0.0021746158599853516
0.0022683143615722656
0.002354860305786133
0.0023975372314453125
0.0021343231201171875
0.0021979808807373047
0.002463817596435547
0.0021314620971679688
0.002135038375854492
0.002557039260864258
0.0025849342346191406
